1 1000 2.001 0.241
1 2000 1.732 0.360
1 3000 1.634 0.403
1 4000 1.580 0.419
1 5000 1.516 0.451
1 6000 1.491 0.458
1 7000 1.483 0.459
1 8000 1.454 0.470
1 9000 1.399 0.496
1 10000 1.414 0.479
1 11000 1.368 0.519
1 12000 1.390 0.502
2 1000 1.337 0.515
2 2000 1.340 0.517
2 3000 1.318 0.525
2 4000 1.301 0.527
2 5000 1.276 0.546
2 6000 1.328 0.526
2 7000 1.290 0.538
2 8000 1.281 0.542
2 9000 1.277 0.547
2 10000 1.254 0.558
2 11000 1.267 0.550
2 12000 1.296 0.550
3 1000 1.207 0.568
3 2000 1.194 0.567
3 3000 1.204 0.560
3 4000 1.182 0.578
3 5000 1.198 0.569
3 6000 1.198 0.564
3 7000 1.208 0.574
3 8000 1.210 0.564
3 9000 1.213 0.567
3 10000 1.193 0.576
3 11000 1.204 0.582
3 12000 1.182 0.588
4 1000 1.141 0.585
4 2000 1.147 0.599
4 3000 1.155 0.595
4 4000 1.118 0.605
4 5000 1.151 0.595
4 6000 1.160 0.590
4 7000 1.138 0.594
4 8000 1.136 0.603
4 9000 1.125 0.601
4 10000 1.117 0.603
4 11000 1.120 0.611
4 12000 1.143 0.591
5 1000 1.041 0.635
5 2000 1.072 0.625
5 3000 1.100 0.610
5 4000 1.064 0.627
5 5000 1.077 0.622
5 6000 1.085 0.615
5 7000 1.123 0.615
5 8000 1.087 0.629
5 9000 1.087 0.617
5 10000 1.108 0.610
5 11000 1.124 0.597
5 12000 1.113 0.608