1 1000 2.301 0.105
1 2000 2.299 0.097
1 3000 2.299 0.106
1 4000 2.298 0.101
1 5000 2.296 0.099
1 6000 2.295 0.099
1 7000 2.293 0.096
1 8000 2.291 0.099
1 9000 2.289 0.105
1 10000 2.286 0.112
1 11000 2.282 0.117
1 12000 2.278 0.137
2 1000 2.272 0.151
2 2000 2.270 0.161
2 3000 2.265 0.171
2 4000 2.262 0.171
2 5000 2.257 0.182
2 6000 2.247 0.178
2 7000 2.239 0.192
2 8000 2.235 0.185
2 9000 2.228 0.182
2 10000 2.231 0.177
2 11000 2.215 0.185
2 12000 2.215 0.186
3 1000 2.201 0.196
3 2000 2.191 0.203
3 3000 2.187 0.202
3 4000 2.172 0.217
3 5000 2.174 0.206
3 6000 2.170 0.205
3 7000 2.148 0.217
3 8000 2.164 0.208
3 9000 2.152 0.225
3 10000 2.142 0.212
3 11000 2.136 0.229
3 12000 2.131 0.233
4 1000 2.142 0.233
4 2000 2.116 0.246
4 3000 2.130 0.240
4 4000 2.125 0.248
4 5000 2.101 0.248
4 6000 2.109 0.254
4 7000 2.102 0.253
4 8000 2.105 0.248
4 9000 2.094 0.262
4 10000 2.095 0.260
4 11000 2.074 0.261
4 12000 2.088 0.268
5 1000 2.099 0.263
5 2000 2.070 0.277
5 3000 2.070 0.284
5 4000 2.077 0.261
5 5000 2.072 0.272
5 6000 2.071 0.271
5 7000 2.076 0.273
5 8000 2.048 0.280
5 9000 2.068 0.276
5 10000 2.054 0.283
5 11000 2.048 0.284
5 12000 2.058 0.277