1 1000 2.014 0.230
1 2000 1.786 0.336
1 3000 1.682 0.378
1 4000 1.592 0.423
1 5000 1.575 0.425
1 6000 1.528 0.441
1 7000 1.487 0.455
1 8000 1.476 0.458
1 9000 1.439 0.485
1 10000 1.425 0.481
1 11000 1.386 0.493
1 12000 1.376 0.488
2 1000 1.324 0.514
2 2000 1.336 0.529
2 3000 1.322 0.526
2 4000 1.292 0.536
2 5000 1.312 0.539
2 6000 1.320 0.533
2 7000 1.322 0.518
2 8000 1.290 0.537
2 9000 1.298 0.530
2 10000 1.288 0.535
2 11000 1.331 0.533
2 12000 1.285 0.541
3 1000 1.239 0.558
3 2000 1.234 0.561
3 3000 1.207 0.571
3 4000 1.252 0.546
3 5000 1.230 0.551
3 6000 1.241 0.555
3 7000 1.181 0.578
3 8000 1.230 0.566
3 9000 1.216 0.567
3 10000 1.215 0.574
3 11000 1.233 0.570
3 12000 1.232 0.557
4 1000 1.135 0.597
4 2000 1.167 0.576
4 3000 1.168 0.580
4 4000 1.185 0.584
4 5000 1.163 0.602
4 6000 1.145 0.600
4 7000 1.147 0.594
4 8000 1.185 0.579
4 9000 1.184 0.579
4 10000 1.155 0.593
4 11000 1.185 0.572
4 12000 1.176 0.585
5 1000 1.081 0.615
5 2000 1.115 0.600
5 3000 1.132 0.600
5 4000 1.107 0.612
5 5000 1.114 0.605
5 6000 1.109 0.608
5 7000 1.138 0.592
5 8000 1.128 0.608
5 9000 1.169 0.589
5 10000 1.130 0.596
5 11000 1.145 0.601
5 12000 1.153 0.587