1 1000 2.301 0.114
1 2000 2.242 0.157
1 3000 2.096 0.203
1 4000 2.003 0.224
1 5000 1.899 0.278
1 6000 1.869 0.285
1 7000 1.837 0.306
1 8000 1.785 0.328
1 9000 1.775 0.337
1 10000 1.734 0.367
1 11000 1.730 0.359
1 12000 1.692 0.377
2 1000 1.627 0.407
2 2000 1.643 0.400
2 3000 1.651 0.374
2 4000 1.608 0.399
2 5000 1.587 0.414
2 6000 1.574 0.426
2 7000 1.584 0.427
2 8000 1.577 0.417
2 9000 1.555 0.443
2 10000 1.519 0.448
2 11000 1.542 0.434
2 12000 1.529 0.445
3 1000 1.504 0.458
3 2000 1.486 0.465
3 3000 1.512 0.456
3 4000 1.500 0.460
3 5000 1.450 0.465
3 6000 1.475 0.465
3 7000 1.455 0.468
3 8000 1.499 0.464
3 9000 1.453 0.474
3 10000 1.478 0.459
3 11000 1.459 0.473
3 12000 1.426 0.480
4 1000 1.403 0.492
4 2000 1.414 0.503
4 3000 1.426 0.483
4 4000 1.425 0.485
4 5000 1.427 0.487
4 6000 1.405 0.493
4 7000 1.414 0.490
4 8000 1.425 0.486
4 9000 1.410 0.505
4 10000 1.434 0.485
4 11000 1.415 0.490
4 12000 1.402 0.508
5 1000 1.393 0.509
5 2000 1.358 0.518
5 3000 1.368 0.514
5 4000 1.373 0.507
5 5000 1.407 0.508
5 6000 1.392 0.501
5 7000 1.382 0.517
5 8000 1.380 0.518
5 9000 1.382 0.510
5 10000 1.390 0.495
5 11000 1.374 0.512
5 12000 1.367 0.517